frame000042.png NonLiving 957.7 237.6 1025.7 298.8 0.001
frame000042.png NonLiving 597.9 655.1 807.7 877.8 0.001
frame000042.png Gadiformes 590.5 577.5 904.5 918.7 1.000
frame000043.png NonLiving 1050.4 759.8 1130.9 857.5 0.011
frame000043.png Pleuronectiformes 1048.6 752.2 1147.7 865.5 0.053
frame000043.png Gadiformes 578.5 589.2 911.1 937.9 1.000
frame000001.png NonLiving 587.2 308.1 803.3 576.9 0.002
frame000001.png Gadiformes 553.0 313.4 873.0 599.7 1.000
frame000040.png NonLiving 626.1 566.4 848.6 893.6 0.001
frame000040.png Gadiformes 592.2 561.2 915.1 895.3 1.000
frame000065.png NonLiving 1121.5 881.8 1205.9 981.3 0.005
frame000065.png NonLiving 703.2 757.4 925.0 1009.5 0.001
frame000065.png Scorpaeniformes 708.9 752.3 890.2 1007.1 0.001
frame000065.png Pleuronectiformes 1117.8 878.5 1217.3 985.6 0.562
frame000065.png Pleuronectiformes 687.2 739.2 952.2 1030.9 0.001
frame000065.png Gadiformes 622.4 719.4 972.7 1080.0 1.000
frame000072.png Scorpaeniformes 691.7 879.3 911.8 1050.7 0.002
frame000072.png Gadiformes 668.6 789.4 1003.4 1080.0 1.000
frame000026.png NonLiving 673.0 442.6 870.8 733.0 0.001
frame000026.png Gadiformes 591.3 488.9 915.6 789.6 1.000
frame000051.png Gadiformes 578.6 638.2 918.5 992.6 1.000
frame000118.png NonLiving 1072.8 725.3 1149.4 809.2 0.001
frame000102.png Scorpaeniformes 933.1 1019.7 1021.7 1080.0 0.999
frame000060.png NonLiving 1575.4 617.4 1671.4 664.6 0.003
frame000060.png NonLiving 623.8 744.8 818.8 1023.1 0.001
frame000060.png Scorpaeniformes 695.2 748.6 866.0 967.1 0.002
frame000060.png Pleuronectiformes 1083.6 845.7 1196.6 956.6 0.577
frame000060.png Pleuronectiformes 1558.2 601.4 1672.0 668.2 0.007
frame000060.png Pleuronectiformes 674.0 738.4 923.4 997.4 0.001
frame000060.png Gadiformes 596.6 675.0 957.9 1055.8 1.000
frame000075.png NonLiving 1156.9 689.7 1235.4 762.6 0.155
frame000075.png NonLiving 1678.7 707.8 1762.5 754.8 0.001
frame000075.png NonLiving 1049.7 377.5 1125.3 442.4 0.001
frame000075.png Scorpaeniformes 711.8 901.4 933.0 1063.1 0.002
frame000075.png Pleuronectiformes 1149.1 685.5 1242.6 771.4 0.005
frame000075.png Gadiformes 688.2 780.4 1011.3 1080.0 0.999
frame000074.png NonLiving 1157.3 687.3 1233.5 764.7 0.004
frame000074.png NonLiving 700.1 825.0 899.6 1080.0 0.001
frame000074.png Scorpaeniformes 753.6 803.1 940.5 1070.8 0.002
frame000074.png Pleuronectiformes 1645.7 689.3 1762.9 754.9 0.006
frame000074.png Gadiformes 689.4 777.5 1008.4 1080.0 1.000
frame000068.png NonLiving 1114.8 644.7 1223.6 725.7 0.003
frame000068.png NonLiving 675.6 754.1 906.0 1078.7 0.002
frame000068.png Scorpaeniformes 674.5 864.2 876.6 1048.1 0.002
frame000068.png Pleuronectiformes 1107.0 634.2 1227.4 734.9 0.176
frame000068.png Gadiformes 627.3 726.6 994.0 1080.0 1.000
frame000078.png NonLiving 756.8 810.7 976.2 1080.0 0.001
frame000078.png Gadiformes 717.1 814.1 1038.7 1080.0 0.265
frame000097.png NonLiving 880.1 976.4 1019.7 1073.3 0.004
frame000097.png Scorpaeniformes 882.7 976.7 1021.3 1080.0 0.969
frame000097.png Pleuronectiformes 869.0 949.7 1028.2 1080.0 0.011
frame000097.png Gadiformes 853.2 968.5 1046.0 1077.5 0.126
frame000011.png NonLiving 753.9 790.1 833.0 840.8 0.004
frame000011.png NonLiving 941.7 74.5 1001.3 133.0 0.001
frame000011.png Pleuronectiformes 742.6 778.4 847.3 843.4 0.001
frame000011.png Gadiformes 571.8 375.4 884.7 670.0 1.000
frame000016.png NonLiving 772.5 794.8 849.7 895.2 0.003
frame000016.png NonLiving 595.0 442.9 854.7 692.0 0.002
frame000016.png Pleuronectiformes 767.9 787.5 866.8 895.2 0.002
frame000016.png Gadiformes 578.2 408.5 898.2 728.2 1.000
frame000045.png NonLiving 1064.2 765.9 1138.8 865.2 0.006
frame000045.png Pleuronectiformes 1060.4 764.7 1148.9 877.9 0.245
frame000045.png Gadiformes 579.1 605.0 908.3 946.4 1.000
frame000025.png NonLiving 778.7 917.0 863.3 965.2 0.005
frame000025.png NonLiving 623.4 499.6 882.4 757.3 0.002
frame000025.png Pleuronectiformes 762.3 904.1 871.9 971.3 0.003
frame000025.png Gadiformes 588.1 468.7 903.6 781.7 1.000
frame000100.png Scorpaeniformes 908.6 1007.2 1028.0 1080.0 1.000
frame000130.png NonLiving 1109.8 836.7 1187.9 914.4 0.006
frame000133.png NonLiving 1111.8 868.8 1198.0 952.4 0.024
frame000133.png NonLiving 652.8 580.0 712.0 613.2 0.002
frame000133.png Pleuronectiformes 1112.8 862.5 1204.4 957.8 0.037
frame000039.png NonLiving 621.2 562.1 857.1 885.5 0.001
frame000039.png Gadiformes 589.9 561.9 912.6 884.0 1.000
frame000023.png NonLiving 606.9 497.5 818.0 724.9 0.003
frame000023.png Gadiformes 585.7 464.3 904.1 784.4 1.000
frame000079.png NonLiving 1174.4 724.0 1268.3 790.4 0.088
frame000079.png NonLiving 793.3 805.1 980.9 1080.0 0.003
frame000079.png NonLiving 1059.4 389.4 1134.6 474.3 0.002
frame000079.png Scorpaeniformes 797.0 795.9 961.9 1080.0 0.001
frame000079.png Gadiformes 754.1 810.0 1024.2 1080.0 0.699
frame000136.png NonLiving 1136.0 896.3 1210.9 973.3 0.002
frame000049.png NonLiving 1056.3 786.0 1141.0 899.7 0.001
frame000049.png NonLiving 962.2 266.9 1031.5 330.1 0.001
frame000049.png Pleuronectiformes 1050.0 784.8 1150.9 913.1 0.957
frame000049.png Gadiformes 579.4 622.7 907.5 984.1 1.000
frame000012.png NonLiving 761.7 794.8 834.3 858.1 0.005
frame000012.png NonLiving 638.9 307.4 862.6 629.8 0.002
frame000012.png Pleuronectiformes 749.6 782.0 843.5 857.4 0.001
frame000012.png Gadiformes 573.1 385.4 907.6 676.4 1.000
frame000020.png NonLiving 618.2 448.0 859.2 714.5 0.004
frame000020.png Gadiformes 593.4 441.4 899.5 740.7 1.000
frame000033.png NonLiving 615.8 535.8 873.5 828.8 0.001
frame000033.png Gadiformes 586.9 532.9 909.6 861.7 1.000
frame000054.png NonLiving 1067.9 811.2 1157.7 928.8 0.002
frame000054.png NonLiving 614.3 694.8 870.7 956.2 0.001
frame000054.png Pleuronectiformes 1060.7 809.0 1168.4 942.8 0.648
frame000054.png Gadiformes 575.1 656.0 936.3 1026.4 1.000
frame000111.png NonLiving 1080.7 662.4 1141.2 726.1 0.002
frame000062.png NonLiving 998.2 314.3 1067.7 377.3 0.022
frame000062.png NonLiving 645.1 772.1 831.3 1035.3 0.003
frame000062.png Scorpaeniformes 996.9 312.4 1070.8 380.2 0.001
frame000062.png Pleuronectiformes 1085.5 847.5 1193.8 960.0 0.106
frame000062.png Gadiformes 625.5 705.2 951.9 1080.0 1.000
frame000038.png NonLiving 587.8 563.9 834.1 854.9 0.001
frame000038.png Pleuronectiformes 1053.1 715.8 1152.4 835.7 0.943
frame000038.png Gadiformes 583.3 555.1 912.9 895.1 1.000
frame000077.png NonLiving 582.1 906.0 654.6 972.5 0.005
frame000077.png NonLiving 1194.1 986.1 1269.3 1068.9 0.003
frame000077.png NonLiving 736.8 815.5 966.6 1077.9 0.002
frame000077.png Pleuronectiformes 1189.4 975.5 1280.8 1077.5 0.918
frame000077.png Gadiformes 710.2 824.6 1033.4 1080.0 0.802
frame000115.png NonLiving 1076.4 701.5 1148.6 772.3 0.022
frame000115.png NonLiving 616.9 426.1 677.6 457.7 0.001
frame000115.png Scorpaeniformes 1075.6 697.0 1148.8 774.1 0.001
frame000115.png Pleuronectiformes 1070.8 690.5 1153.0 778.8 0.005
frame000081.png NonLiving 1175.6 732.5 1274.1 815.7 0.207
frame000081.png NonLiving 777.7 836.8 974.5 1080.0 0.002
frame000081.png Scorpaeniformes 1180.0 728.9 1269.2 812.9 0.002
frame000081.png Pleuronectiformes 1168.6 722.3 1281.8 823.2 0.221
frame000081.png Echinodermata 1172.0 720.4 1277.4 809.6 0.005
frame000081.png Gadiformes 770.1 837.9 1038.4 1080.0 0.601
frame000081.png Gadiformes 1168.6 724.9 1281.5 813.5 0.002
frame000084.png NonLiving 1078.8 437.4 1154.8 510.4 0.008
frame000084.png Scorpaeniformes 1079.6 437.8 1157.8 511.5 0.003
frame000084.png Pleuronectiformes 1071.5 430.8 1157.7 514.2 0.002
frame000084.png Gadiformes 771.9 870.2 1034.7 1080.0 0.001
frame000021.png Gadiformes 582.9 453.6 913.6 756.8 1.000
frame000069.png NonLiving 1028.4 348.6 1113.1 418.9 0.054
frame000069.png NonLiving 1147.6 929.6 1223.7 1034.6 0.005
frame000069.png Scorpaeniformes 1029.5 345.5 1116.0 418.8 0.011
frame000069.png Scorpaeniformes 679.3 842.8 863.4 1045.8 0.002
frame000069.png Pleuronectiformes 1020.1 337.3 1117.2 428.4 0.022
frame000069.png Pleuronectiformes 1140.7 924.4 1230.3 1041.6 0.010
frame000069.png Echinodermata 1027.9 339.3 1118.6 416.4 0.001
frame000069.png Gadiformes 641.4 747.5 996.8 1080.0 1.000
frame000041.png NonLiving 596.9 623.7 830.2 870.2 0.001
frame000041.png Gadiformes 590.9 580.5 904.6 918.9 1.000
frame000008.png Gadiformes 561.0 364.0 889.1 648.1 1.000
frame000044.png NonLiving 603.1 638.4 820.7 881.9 0.002
frame000044.png Gadiformes 581.8 592.7 908.3 932.1 1.000
frame000063.png Gadiformes 611.9 706.5 972.4 1080.0 1.000
frame000092.png NonLiving 846.2 915.0 1010.2 1080.0 0.007
frame000092.png Scorpaeniformes 839.9 926.0 1015.6 1080.0 0.022
frame000092.png Pleuronectiformes 839.7 914.3 1034.1 1080.0 0.001
frame000092.png Gadiformes 823.3 920.9 1035.8 1080.0 0.033
frame000066.png NonLiving 1127.5 887.1 1210.1 1002.0 0.002
frame000066.png NonLiving 539.4 817.2 617.5 890.8 0.001
frame000066.png Scorpaeniformes 651.4 801.7 889.0 1036.5 0.001
frame000066.png Pleuronectiformes 1121.4 887.2 1219.8 1011.4 0.534
frame000066.png Gadiformes 628.0 709.7 977.6 1080.0 1.000
frame000071.png NonLiving 1151.9 932.5 1232.4 1018.6 0.017
frame000071.png NonLiving 1655.8 676.0 1741.7 729.4 0.006
frame000071.png Scorpaeniformes 679.6 840.8 916.4 1060.4 0.001
frame000071.png Pleuronectiformes 1145.9 926.6 1243.4 1032.6 0.996
frame000071.png Pleuronectiformes 1637.7 659.3 1756.2 730.0 0.003
frame000071.png Gadiformes 662.6 758.0 999.1 1080.0 1.000
frame000002.png NonLiving 910.3 21.6 978.1 85.7 0.069
frame000002.png NonLiving 601.9 349.5 821.2 582.7 0.001
frame000002.png Scorpaeniformes 909.4 22.8 982.3 88.9 0.059
frame000002.png Pleuronectiformes 904.4 18.4 982.3 95.5 0.045
frame000002.png Echinodermata 910.1 20.0 981.2 86.2 0.003
frame000002.png Gadiformes 550.8 322.6 858.0 629.1 1.000
frame000018.png Gadiformes 592.2 426.7 912.3 735.7 1.000
frame000080.png NonLiving 1067.1 399.9 1142.7 485.3 0.002
frame000080.png Gadiformes 750.2 804.8 1030.5 1080.0 0.195
frame000006.png Gadiformes 567.7 356.1 868.1 643.4 1.000
frame000103.png NonLiving 1089.1 577.3 1158.2 656.3 0.240
frame000103.png Scorpaeniformes 935.8 1026.8 1021.7 1080.0 0.999
frame000103.png Scorpaeniformes 1090.3 581.3 1162.3 659.1 0.123
frame000103.png Pleuronectiformes 1086.0 576.0 1167.9 663.9 0.134
frame000103.png Echinodermata 1089.3 577.7 1165.2 658.2 0.003
frame000099.png NonLiving 895.0 996.6 1017.4 1076.5 0.003
frame000099.png NonLiving 1094.7 545.4 1165.0 619.6 0.002
frame000099.png Scorpaeniformes 899.2 997.9 1024.4 1080.0 0.995
frame000099.png Pleuronectiformes 911.9 988.7 1032.6 1079.3 0.019
frame000099.png Gadiformes 882.3 992.7 1039.6 1071.5 0.003
frame000057.png Gadiformes 598.4 660.5 942.2 1040.0 1.000
frame000048.png NonLiving 1057.8 786.9 1142.3 897.2 0.003
frame000048.png NonLiving 962.0 260.7 1031.2 326.7 0.001
frame000048.png Pleuronectiformes 1050.9 778.8 1151.3 906.3 0.454
frame000048.png Gadiformes 582.9 617.5 911.3 982.5 1.000
frame000058.png NonLiving 624.2 700.0 882.4 1004.7 0.002
frame000058.png Gadiformes 592.6 674.5 948.8 1034.1 1.000
frame000005.png NonLiving 997.5 481.3 1062.8 556.8 0.328
frame000005.png NonLiving 745.5 741.2 844.5 797.0 0.170
frame000005.png NonLiving 636.4 294.4 836.7 578.5 0.001
frame000005.png Pleuronectiformes 733.4 730.2 855.8 799.1 0.505
frame000005.png Pleuronectiformes 990.4 476.7 1072.3 565.2 0.040
frame000005.png Gadiformes 566.6 346.0 876.2 633.8 1.000
frame000034.png NonLiving 788.1 989.3 850.9 1048.3 0.006
frame000034.png NonLiving 646.9 503.4 863.5 800.2 0.001
frame000034.png Gadiformes 584.6 529.9 912.2 856.0 1.000
frame000053.png NonLiving 1077.2 818.9 1150.8 911.1 0.010
frame000053.png Pleuronectiformes 1067.4 810.4 1165.0 918.0 0.160
frame000053.png Gadiformes 591.3 634.9 924.0 1002.8 1.000
frame000098.png NonLiving 886.2 994.4 1024.9 1076.2 0.005
frame000098.png Scorpaeniformes 884.9 990.3 1025.0 1080.0 0.993
frame000098.png Pleuronectiformes 910.8 982.0 1031.1 1078.4 0.001
frame000098.png Gadiformes 861.6 989.8 1042.6 1074.2 0.002
frame000028.png Gadiformes 583.2 491.4 907.5 816.0 1.000
frame000108.png NonLiving 1088.6 633.2 1149.6 697.8 0.009
frame000003.png NonLiving 579.6 280.4 820.2 587.0 0.001
frame000003.png Gadiformes 560.9 331.2 876.2 619.9 1.000
frame000132.png NonLiving 1111.5 858.6 1197.2 946.2 0.001
frame000015.png NonLiving 618.9 414.8 869.7 671.2 0.002
frame000015.png Gadiformes 578.4 422.9 907.0 711.4 1.000
frame000121.png NonLiving 1083.7 756.2 1159.9 833.1 0.008
frame000121.png NonLiving 604.1 479.8 669.5 514.1 0.002
frame000121.png Scorpaeniformes 1081.7 757.3 1161.5 834.5 0.002
frame000121.png Pleuronectiformes 1075.9 750.3 1162.2 838.1 0.004
frame000047.png NonLiving 609.6 631.0 874.4 964.7 0.002
frame000047.png Gadiformes 589.6 608.6 908.7 970.1 1.000
frame000139.png NonLiving 1146.1 918.2 1221.2 999.1 0.004
frame000064.png NonLiving 729.9 687.9 923.7 1025.5 0.002
frame000064.png Gadiformes 631.0 714.1 985.5 1080.0 1.000
frame000061.png NonLiving 1591.2 624.0 1672.2 667.4 0.002
frame000061.png NonLiving 652.1 728.8 901.4 1014.2 0.001
frame000061.png Pleuronectiformes 1086.0 850.6 1192.4 962.4 0.023
frame000061.png Gadiformes 614.9 685.7 955.1 1060.8 1.000
frame000050.png Pleuronectiformes 1053.3 797.9 1156.1 919.1 0.987
frame000050.png Gadiformes 577.1 634.7 916.7 1019.0 1.000
frame000073.png Scorpaeniformes 693.3 889.6 918.4 1055.5 0.004
frame000073.png Gadiformes 671.9 777.1 996.3 1080.0 1.000
frame000141.png NonLiving 1153.8 934.2 1232.4 1017.6 0.021
frame000141.png Pleuronectiformes 1149.9 937.0 1236.9 1027.7 0.001
frame000095.png NonLiving 871.9 962.1 1026.2 1069.3 0.006
frame000095.png NonLiving 1193.7 867.4 1297.2 925.8 0.003
frame000095.png Scorpaeniformes 866.8 959.4 1026.5 1072.4 0.782
frame000095.png Pleuronectiformes 873.9 939.3 1044.3 1075.7 0.008
frame000095.png Pleuronectiformes 1197.2 860.0 1313.9 933.9 0.001
frame000095.png Gadiformes 849.0 944.1 1047.2 1075.8 0.306
frame000009.png NonLiving 756.7 763.4 844.0 834.1 0.019
frame000009.png NonLiving 932.0 60.6 996.7 122.6 0.002
frame000009.png NonLiving 600.4 349.7 841.7 635.9 0.002
frame000009.png Pleuronectiformes 745.6 752.0 854.8 838.7 0.005
frame000009.png Gadiformes 575.5 365.2 881.7 664.0 1.000
frame000024.png NonLiving 775.9 897.9 854.8 957.8 0.006
frame000024.png NonLiving 1023.6 621.6 1081.4 683.7 0.001
frame000024.png NonLiving 616.6 418.2 863.9 737.4 0.001
frame000024.png Pleuronectiformes 764.1 879.2 870.7 957.6 0.027
frame000024.png Gadiformes 591.3 464.8 905.3 796.2 1.000
frame000059.png NonLiving 1083.6 850.2 1170.5 964.2 0.002
frame000059.png NonLiving 619.7 750.0 830.0 1011.7 0.001
frame000059.png Pleuronectiformes 1080.9 841.3 1180.7 977.3 0.414
frame000059.png Gadiformes 591.0 670.5 956.6 1045.3 1.000
frame000019.png NonLiving 690.4 391.8 859.5 672.6 0.003
frame000019.png Gadiformes 586.0 437.5 904.3 726.4 1.000
frame000070.png NonLiving 763.6 716.7 946.8 1073.8 0.002
frame000070.png Scorpaeniformes 671.1 905.2 885.0 1045.9 0.003
frame000070.png Gadiformes 658.3 753.1 987.5 1080.0 1.000
frame000082.png NonLiving 1178.0 728.7 1281.4 821.2 0.010
frame000082.png Pleuronectiformes 1175.9 723.1 1295.4 829.3 0.057
frame000082.png Gadiformes 767.0 832.2 1041.4 1080.0 0.007
frame000142.png NonLiving 1160.2 950.4 1237.4 1033.8 0.002
frame000007.png NonLiving 747.3 751.1 854.1 823.4 0.001
frame000007.png NonLiving 575.4 355.9 827.1 610.8 0.001
frame000007.png Gadiformes 557.8 351.0 889.4 633.2 1.000
frame000029.png NonLiving 776.6 951.7 863.2 1002.3 0.010
frame000029.png Pleuronectiformes 762.7 939.9 873.1 1006.0 0.001
frame000029.png Gadiformes 591.3 495.4 905.2 839.1 1.000
frame000013.png Gadiformes 578.4 392.7 897.7 695.8 1.000
frame000109.png NonLiving 1089.9 648.0 1149.5 708.7 0.005
frame000137.png NonLiving 1142.1 910.1 1209.7 984.4 0.012
frame000055.png NonLiving 1079.4 830.9 1167.6 948.8 0.002
frame000055.png NonLiving 606.4 687.4 891.0 1002.7 0.001
frame000055.png Pleuronectiformes 1072.1 823.0 1172.4 961.9 0.925
frame000055.png Gadiformes 592.9 654.3 940.6 1018.4 1.000
frame000031.png NonLiving 962.2 182.2 1022.8 244.3 0.001
frame000031.png NonLiving 632.0 514.6 879.0 792.1 0.001
frame000031.png Pleuronectiformes 594.5 531.7 875.4 789.8 0.001
frame000031.png Gadiformes 578.7 504.5 907.3 833.1 1.000
frame000022.png NonLiving 1031.4 610.9 1091.4 690.6 0.055
frame000022.png NonLiving 617.3 464.3 865.6 732.2 0.001
frame000022.png Gadiformes 588.7 455.4 902.9 781.2 1.000
frame000046.png NonLiving 955.4 250.9 1026.2 320.4 0.002
frame000046.png Scorpaeniformes 955.7 252.5 1031.6 321.5 0.004
frame000046.png Pleuronectiformes 1057.0 769.9 1146.4 884.0 0.087
frame000046.png Gadiformes 587.2 607.4 906.7 962.2 1.000
frame000144.png NonLiving 1168.2 961.1 1239.4 1040.0 0.024
frame000144.png Scorpaeniformes 1167.2 961.1 1241.0 1043.5 0.002
frame000144.png Pleuronectiformes 1163.8 956.3 1243.2 1050.8 0.016
frame000076.png NonLiving 1050.5 378.2 1127.8 450.4 0.018
frame000076.png NonLiving 1164.1 693.1 1249.2 761.6 0.001
frame000076.png NonLiving 697.3 763.5 964.0 1080.0 0.001
frame000076.png Scorpaeniformes 1049.2 376.9 1129.9 452.8 0.003
frame000076.png Scorpaeniformes 699.1 866.7 922.3 1078.9 0.002
frame000076.png Gadiformes 674.8 801.0 1026.1 1080.0 0.999
frame000123.png NonLiving 1082.7 767.3 1161.9 847.5 0.018
frame000123.png NonLiving 611.6 501.8 674.9 533.2 0.001
frame000123.png Pleuronectiformes 1082.4 768.0 1169.1 860.4 0.009
frame000036.png NonLiving 626.1 549.4 854.9 869.9 0.001
frame000036.png Gadiformes 592.2 548.8 907.2 890.0 1.000
frame000067.png NonLiving 677.8 765.8 901.4 1055.9 0.002
frame000067.png Gadiformes 647.9 742.3 985.0 1080.0 1.000
frame000101.png Scorpaeniformes 919.1 1015.8 1024.4 1080.0 0.797
frame000052.png Gadiformes 576.5 653.4 935.0 1017.7 1.000
frame000027.png Gadiformes 589.9 485.1 920.6 811.4 1.000
frame000017.png NonLiving 619.8 450.1 875.8 689.2 0.004
frame000017.png Gadiformes 583.0 423.6 905.2 718.0 1.000
frame000056.png Gadiformes 601.3 648.8 935.2 1018.7 1.000
frame000085.png NonLiving 1080.8 439.1 1156.8 516.4 0.004
frame000085.png Scorpaeniformes 1080.9 439.0 1163.2 518.1 0.001
frame000035.png NonLiving 607.7 578.2 828.0 820.3 0.002
frame000035.png Gadiformes 593.9 538.5 903.4 876.3 1.000
frame000096.png NonLiving 891.0 977.9 1026.0 1071.0 0.003
frame000096.png Scorpaeniformes 879.4 970.0 1029.9 1080.0 0.986
frame000096.png Pleuronectiformes 880.8 944.7 1032.9 1080.0 0.006
frame000096.png Gadiformes 859.8 963.4 1047.0 1072.2 0.068
frame000143.png NonLiving 1162.9 949.9 1241.0 1030.8 0.021
frame000143.png Pleuronectiformes 1159.5 949.0 1245.8 1044.3 0.003
frame000014.png NonLiving 757.7 813.6 840.4 877.0 0.026
frame000014.png NonLiving 605.8 408.8 872.7 664.4 0.003
frame000014.png Pleuronectiformes 749.0 799.9 852.1 879.7 0.516
frame000014.png Gadiformes 581.1 387.5 924.7 691.1 1.000
frame000094.png NonLiving 866.1 947.0 1023.1 1077.6 0.005
frame000094.png Scorpaeniformes 879.9 942.3 1026.9 1079.7 0.001
frame000094.png Gadiformes 849.7 944.7 1042.5 1080.0 0.004
frame000030.png NonLiving 634.2 511.0 878.3 807.3 0.001
frame000030.png Gadiformes 590.8 505.0 922.2 838.4 1.000
frame000004.png NonLiving 607.8 344.9 849.0 595.7 0.002
frame000004.png Gadiformes 559.8 337.4 874.9 643.4 1.000
frame000083.png NonLiving 1171.3 744.8 1272.1 823.0 0.009
frame000083.png NonLiving 1074.4 429.4 1152.9 506.2 0.003
frame000083.png Pleuronectiformes 1171.9 739.8 1294.8 833.0 0.355
frame000037.png NonLiving 591.3 583.9 775.9 839.5 0.001
frame000037.png Gadiformes 586.5 552.7 914.1 880.5 1.000
frame000010.png NonLiving 758.0 784.8 837.2 842.0 0.004
frame000010.png NonLiving 932.5 64.9 1002.0 124.0 0.001
frame000010.png Pleuronectiformes 742.3 768.8 844.3 843.2 0.003
frame000010.png Gadiformes 566.2 367.9 886.3 685.2 1.000
frame000032.png NonLiving 785.8 980.9 858.5 1029.4 0.036
frame000032.png NonLiving 619.1 562.0 873.9 802.7 0.003
frame000032.png NonLiving 518.2 603.4 585.2 665.7 0.001
frame000032.png Pleuronectiformes 771.3 966.0 869.9 1035.0 0.046
frame000032.png Gadiformes 600.0 528.5 906.7 855.1 1.000
frame000093.png NonLiving 867.6 947.5 1026.0 1078.8 0.027
frame000093.png Scorpaeniformes 871.2 946.4 1038.7 1080.0 0.573
frame000093.png Pleuronectiformes 876.7 926.1 1046.4 1080.0 0.007
frame000093.png Gadiformes 840.7 942.2 1052.0 1080.0 0.038
